3.036369048743981719e+08 -4.540743340486285090e+08 -2.915143824918516874e+08 -2.509421052469792102e+01 -2.881493506798587418e+02 2.805214897063919466e+01 5.437099999999999745e+24 3.101124409104703972e+01 9.056703204104427338e+09
3.942967391519497037e+08 -5.746302206584411860e+08 -1.937802124778268039e+08 -3.994582419948725516e+01 -1.779481941030805672e+02 1.777272171241131389e+02 5.437099999999999745e+24 3.002942651740094959e+01 9.364424669998016357e+09
4.249677741697613597e+08 -3.126038790670944452e+08 -9.487375855234391987e+07 7.150081428563885311e+01 -4.628749248821161189e+01 -2.056683971074733677e+02 5.640799999999999774e+24 3.182171827856977941e+01 8.015038419721785545e+09
4.431130096089516878e+08 -3.910613824609444141e+08 -1.745900046163232252e+07 6.535997190416297542e+01 5.868839099183500707e+01 -9.778481585099673623e+01 5.640799999999999774e+24 3.154102365370838612e+01 7.812272439132205009e+09
1.510945789927257299e+08 -5.259129331818678975e+08 -1.542690763013730645e+08 -1.388411393544592443e+01 -4.121648628472959786e+01 1.698101904115000877e+02 5.640799999999999774e+24 3.232885409626717177e+01 8.491785426718771935e+09
1.548675377091968954e+08 -3.910866698450092673e+08 2.700020062614914030e+06 7.043982791359455575e+01 1.825762421312116999e+02 -2.446099620771329342e+01 5.640799999999999774e+24 3.162718230534040487e+01 7.589911972780757904e+09
1.645121225103259683e+08 -3.032754075696878433e+08 -1.570516778022014201e+08 5.877539722694648816e+01 -4.958758824217292727e+01 -1.528020071315435757e+02 5.640799999999999774e+24 3.180295986292458821e+01 8.528856364214097023e+09
4.458812933929185867e+08 -3.471411879436019063e+08 -2.100279244528937936e+08 3.082020492637119702e+01 -2.182227616113667921e+02 -1.614833557768717185e+02 5.640799999999999774e+24 3.134144107744037910e+01 8.503287469425867081e+09
4.436838065961095095e+08 -4.154149043728197813e+08 -1.918571239628254473e+08 1.307385017675931671e+01 -1.914681372160380306e+02 -6.307535241688357530e+01 5.640799999999999774e+24 3.200878176197245040e+01 7.808248177380902290e+09
4.168614155527638197e+08 -5.229497677414606810e+08 -1.537090668028640747e+08 -1.267991984095747604e+01 -1.279525928174984415e+02 9.790859901936538279e+01 5.640799999999999774e+24 3.226934572517374988e+01 7.963310157083909035e+09
1.853931198468264937e+08 -2.762787168109623790e+08 -6.041989055176518857e+07 9.224439498923688063e+01 8.202051459835178093e+01 -1.968164484183884895e+02 5.640799999999999774e+24 3.145627307144311757e+01 8.317978439041391373e+09
3.921976894541308284e+08 -5.112607602230584621e+08 -2.158601563470099866e+08 -2.471079946548822548e+01 -2.088924668490716101e+02 8.742895194798117586e+01 5.640799999999999774e+24 3.341074958507213211e+01 8.659015379336454391e+09
2.413394132268648148e+08 -4.708698501601553559e+08 -2.784367210919088721e+08 -2.728868440335297763e+01 -2.489212553369560794e+02 6.783463237544114577e+01 5.640799999999999774e+24 3.236501293282718450e+01 8.487614652479459763e+09
1.001482721054799557e+08 -4.146995382185148597e+08 -1.690866375631767213e+08 1.905063310545586930e+01 -4.564215101130376695e+01 2.328424433139457150e+01 5.640799999999999774e+24 3.141637485092002180e+01 8.415874888334202766e+09
3.077916016213304400e+08 -6.002842932063182592e+08 -1.106082760886695236e+08 -2.724491391919916339e+01 -3.023799105370796880e+01 2.364576392181321864e+02 5.640799999999999774e+24 3.179143574076418943e+01 7.823227202921521187e+09
3.251911704469030499e+08 -5.867016174820175171e+08 -1.781705570170225501e+08 -3.998536542600209742e+01 -1.328005219562377874e+02 2.125812671967426866e+02 5.640799999999999774e+24 3.180282535174531233e+01 9.352331144565008163e+09
4.090323799839170575e+08 -5.572369230159909725e+08 -7.743884278948563337e+07 -4.675232350146178995e+00 -1.599862791760689440e+01 1.490284790633119201e+02 5.798899999999999609e+24 3.279949775362818087e+01 6.740056250804399490e+09
4.514107001552757025e+08 -4.670520736190378070e+08 -1.402555324469022453e+08 9.122750177843480301e+00 -1.200278532594778795e+02 9.008181506701152585e+00 5.798899999999999609e+24 3.432550894319393109e+01 8.150849616512398720e+09
4.050377988676216602e+08 -3.864578840895702243e+08 -2.432220049474467039e+08 9.486081920558408598e+00 -2.523481840087634680e+02 -9.472855633577449908e+01 5.798899999999999609e+24 3.339735490610654978e+01 9.108730706323434830e+09
3.481850779834634662e+08 -3.578541412438384891e+08 -2.645784742414913476e+08 1.353298820145898063e+01 -2.641486547431102281e+02 -1.213414173868548858e+02 5.798899999999999609e+24 3.374765165665105116e+01 9.292102666721387863e+09
3.535026134856160283e+08 -4.906674560762997866e+08 -2.641518130245783925e+08 -3.015430393790105157e+01 -2.654290635500177586e+02 6.765882066409075435e+01 5.798899999999999609e+24 3.323474630870300928e+01 8.323600548746397972e+09
2.038354286306425333e+08 -5.170616071219728589e+08 1.609675154305339977e+07 3.238398859234078486e+01 1.856393711132433566e+02 1.436162875066498827e+02 5.798899999999999609e+24 3.235017416548866720e+01 8.233645807200160980e+09
4.126761902380971909e+08 -3.085362415723212361e+08 -1.645066593961277306e+08 5.517398446981388815e+01 -1.420309625016624295e+02 -2.083659162659607489e+02 5.798899999999999609e+24 3.334550269453742288e+01 7.360825342496755600e+09
4.480979006715682745e+08 -3.594044875879864693e+08 -1.450293423151543438e+08 4.335432333339285549e+01 -1.257719806595236349e+02 -1.444553528308652801e+02 5.798899999999999609e+24 3.377043079362434952e+01 7.442012859750074387e+09
3.583596359640311003e+08 -2.769926185571380854e+08 -1.882271303742390275e+08 5.949768132566060075e+01 -1.581502163685550784e+02 -2.397544831385680766e+02 5.798899999999999609e+24 3.323508730255487365e+01 8.029124904895500183e+09
3.474592143088937998e+08 -3.254850254447624683e+08 -3.553682429942141287e+06 9.049135357891169917e+01 1.101459401302575571e+02 -1.674762792415921524e+02 5.798899999999999609e+24 3.332055355175869948e+01 7.826537407834659576e+09
2.907335844870896935e+08 -2.705711021178760529e+08 -1.938869092392054498e+08 6.017576122847518150e+01 -1.439377833211158304e+02 -2.317937336865064992e+02 5.798899999999999609e+24 3.349970585673835188e+01 7.392001895792199135e+09
2.539182202765672803e+08 -4.048659489245661497e+08 -2.936450566026244164e+08 -9.425361591525787119e+00 -2.748507272446623801e+02 -2.995919678576904488e+01 5.798899999999999609e+24 3.281227833795973936e+01 9.738403973487274170e+09
2.183581599840046465e+08 -5.660633978894684315e+08 -1.984512107647677064e+08 -3.830401798800765079e+01 -1.266886686181433532e+02 2.101882445199301230e+02 5.798899999999999609e+24 3.336234947648213023e+01 7.380282190541275978e+09
2.014159380763516128e+08 -5.020013536893404126e+08 -1.886105508239005208e+08 -1.446894900588601551e+01 -1.069121347367683228e+02 1.227429405670570191e+02 5.798899999999999609e+24 4.003232620414348020e+01 1.151081750081560707e+10
2.912941884786068797e+08 -5.165612994694060087e+08 -2.669917530827651024e+08 -3.944522942643300212e+01 -2.490198986397739702e+02 1.205531335401936985e+02 5.798899999999999609e+24 3.300926562197184211e+01 8.055046726255301476e+09
3.719169340809682012e+08 -5.791934087707397938e+08 -1.298106831467884332e+08 -2.519309087134765690e+01 -7.887979718849395283e+01 1.899688068046992839e+02 5.798899999999999609e+24 3.296050340076877916e+01 8.164319051828324318e+09
4.357355822684629560e+08 -3.757736752012292147e+08 -8.341406182159328461e+07 5.361803025512404730e+01 -3.336590442996733685e+01 -1.178818964815604460e+02 5.798899999999999609e+24 3.466295445213258120e+01 8.766201052007406235e+09
3.782349915972223282e+08 -3.837971683567897081e+08 6.218903914160539396e+06 7.376905370087806091e+01 1.140173650788175621e+02 -9.172192631505215843e+01 5.798899999999999609e+24 3.389057073606970505e+01 8.543022053402708054e+09
4.038458977926216125e+08 -4.432798949632120132e+08 -6.249737655314795673e+06 5.099822321593686070e+01 8.771019836599663222e+01 -1.299243156904072372e+01 5.798899999999999609e+24 3.410426022522243272e+01 8.613739006996778488e+09
3.174523135899845958e+08 -3.912130965392961502e+08 -3.132285296775413156e+08 -9.885090121820523379e+00 -3.238128124342802039e+02 -6.568018372443916064e+01 5.798899999999999609e+24 3.223670568204465070e+01 9.296835971921646118e+09
2.268384502020215988e+08 -5.241450916075680256e+08 -2.456615075971201062e+08 -3.649208352236441044e+01 -1.971216946636984346e+02 1.479575217714324538e+02 5.798899999999999609e+24 3.360389567932591603e+01 7.544806747362156868e+09
1.611104889116134048e+08 -5.348465747110929489e+08 -2.212186883257847726e+08 -3.385639079903101845e+01 -1.404801021733399580e+02 1.799208615898028540e+02 5.798899999999999609e+24 3.215722189597253333e+01 8.228537089306297302e+09
3.207520025809311271e+08 -3.003065908372777104e+08 -2.464812101340514421e+08 3.703284354445583659e+01 -2.292331928781793238e+02 -1.967961224808836960e+02 5.798899999999999609e+24 3.284281851906472838e+01 8.337637604976878166e+09
3.760197009531168938e+08 -5.007450954814805984e+08 1.554798475897505507e+07 3.762516595696556010e+01 1.281257278169088920e+02 7.647099301422325368e+01 5.798899999999999609e+24 3.263718317940715963e+01 9.354962879233386993e+09
1.702460998841185272e+08 -5.149203803291975260e+08 -4.173304934348294139e+07 1.838608374703156301e+01 1.138181400094414215e+02 1.491250102979029464e+02 5.798899999999999609e+24 3.346400682641632329e+01 8.182731239776550293e+09
2.177389730360380411e+08 -4.226232032273601890e+08 3.669343073564676940e+07 6.873069267641731983e+01 2.105670903717288525e+02 4.750705100852212759e+00 5.798899999999999609e+24 3.316578171775517347e+01 7.525158472926675797e+09
1.246480232176156342e+08 -4.684886512860057354e+08 -1.302273318821593672e+08 1.117812505913077281e+01 1.976681986277230907e+00 9.416097307777903325e+01 5.798899999999999609e+24 3.341166756640453173e+01 8.356723172424532890e+09
3.676977695533661842e+08 -2.901055527898184061e+08 -5.551914206861076504e+07 8.894011371459286863e+01 2.898944822223603879e+01 -2.233379690245429003e+02 5.798899999999999609e+24 3.338297047969327735e+01 8.201496376329332352e+09
1.387803538427716494e+08 -3.611947754729218483e+08 -6.173390293738976866e+07 6.394898467288528110e+01 9.550791866634767757e+01 -6.323684836715550261e+01 5.798899999999999609e+24 3.308331918541677652e+01 8.680946527504461288e+09
4.518531112386657596e+08 -4.843765534557117820e+08 -2.044929687192544341e+08 -1.292028089365948951e+01 -2.122384551803213242e+02 3.369794925069425773e+01 5.798899999999999609e+24 3.204275054577974657e+01 1.079899906982527351e+10
1.427040474526077807e+08 -4.718405002200009227e+08 -1.912424484871876836e+08 -5.482333366115049067e+00 -9.138811095150735753e+01 9.435883107188585939e+01 5.798899999999999609e+24 3.363823752336577400e+01 7.900873725761359215e+09
1.820113893346350491e+08 -4.562058803299412131e+08 -7.668936183506615460e+06 4.638558740325436958e+01 1.587429679569882808e+02 6.194945871119860215e+01 5.798899999999999609e+24 3.364904590972691523e+01 7.684340910223862648e+09
2.061401638640650809e+08 -5.507161537820905447e+08 -1.408827946125877202e+08 -1.864505034837890918e+01 -4.013890083654956698e+01 1.913048498187164341e+02 5.798899999999999609e+24 3.636317191879286526e+01 8.299042629597081184e+09
3.325436265724858642e+08 -2.390449355364561677e+08 -1.421602556290475428e+08 8.370991469057570100e+01 -8.364252398559908386e+01 -2.875831691211220686e+02 5.798899999999999609e+24 3.254497200358201781e+01 7.656714490269332886e+09
2.152413663919160068e+08 -2.809755005845016241e+08 -1.189471147686866820e+08 7.583619126935050758e+01 -1.170495290875538608e+01 -1.976923533198588530e+02 5.798899999999999609e+24 3.449661549399021254e+01 8.954072587310886383e+09
1.458652773241588175e+08 -4.179835917447903752e+08 -2.257529264903343618e+08 3.524265972920164636e+00 -1.419182574110452890e+02 1.632827780653164851e+01 5.786799999999999920e+24 3.294755802847237192e+01 7.547285253854609489e+09
3.354848239044524431e+08 -5.496426416176359653e+08 -6.490400348621870391e+06 1.587969815926452455e+01 1.099080481957602871e+02 1.568770590210120304e+02 5.786799999999999920e+24 3.274451186412860437e+01 8.136978745746122360e+09
2.700201724152108431e+08 -2.553560495313835740e+08 -1.335446422746252865e+08 8.055060365613600482e+01 -5.065390535867136634e+01 -2.483160126782707948e+02 5.786799999999999920e+24 3.374665620075018779e+01 7.916891515802938461e+09
2.046344242278172076e+08 -4.190026822387592196e+08 -2.560150630907639861e+08 -4.598516077553340686e+00 -2.046086423173780133e+02 2.736942901083678326e+00 5.786799999999999920e+24 3.492260758946698473e+01 8.130906648465272903e+09
4.275743958879035711e+08 -4.981863569644268155e+08 -9.160918049732173979e+07 1.125427372813221005e+01 -4.250215392949647963e+01 5.971005251047409956e+01 5.786799999999999920e+24 3.509102069648386646e+01 8.541126302625182152e+09
4.111168534576829076e+08 -4.346490096197543740e+08 -1.020127557425552160e+08 2.948144884708172953e+01 -5.187852407261196674e+01 -2.731484854371101889e+01 5.786799999999999920e+24 4.857457394023691677e+01 1.141323673285894012e+10
4.499412823492029905e+08 -4.416807368854453564e+08 -6.013560716464606673e+07 3.787433766513682798e+01 -4.705522863862184657e+00 -2.695637391994467436e+01 5.786799999999999920e+24 3.315841457133490877e+01 7.513642883773891449e+09
2.134650613744551241e+08 -3.549150454240462780e+08 -2.637497706890901625e+08 1.460326095359403631e+01 -2.186449935275654468e+02 -9.123914975329257970e+01 5.786799999999999920e+24 3.321093137779072890e+01 7.072868015844683647e+09
3.906504537755140662e+08 -3.562797953446732163e+08 -1.265934893934606016e+08 4.913103129071090791e+01 -8.043579506507185783e+01 -1.343087232331430982e+02 5.786799999999999920e+24 4.724181542189391791e+01 1.101400656679334068e+10
1.778472095086355805e+08 -3.282802172977908254e+08 -9.889828636433927715e+07 6.529182740571566512e+01 2.943103755675047495e+01 -1.203728676760814409e+02 5.786799999999999920e+24 3.620431603372956886e+01 8.547220917305773735e+09
3.725141254737633467e+08 -2.877641608223366737e+08 -1.203512362430671006e+08 7.317716568570835989e+01 -6.551427756782905476e+01 -2.279153149211638265e+02 5.786799999999999920e+24 3.509724995879501108e+01 7.467530958122901917e+09
1.571979537352322638e+08 -4.145631730610899925e+08 -1.579508739242115617e+08 2.183990106635260986e+01 -4.849643751076821729e+01 8.571360100115294145e+00 5.786799999999999920e+24 4.065336029368413051e+01 1.003870140389689064e+10
2.407480890377072394e+08 -5.843504062217096090e+08 -9.533136230214363337e+07 -1.810568088028797362e+01 1.376097853851805652e+01 2.307121291975852841e+02 5.786799999999999920e+24 3.286290360065210336e+01 9.208014367724805832e+09
4.019346048578200936e+08 -4.501495478602937460e+08 -2.362267437913409173e+08 -9.726078001812796359e+00 -2.412787826545447558e+02 -2.675978121653716624e+00 5.786799999999999920e+24 3.397631999008288517e+01 8.942778798158649445e+09
1.927702294620183110e+08 -3.833942945679064989e+08 -2.080577325320182443e+08 1.939375621003994254e+01 -1.319298736281682238e+02 -4.514541251217494988e+01 5.786799999999999920e+24 4.206559266652968176e+01 9.952070512783788681e+09
2.817627236983494163e+08 -3.469608487739666104e+08 -2.768955652216035724e+08 1.389017063676734054e+01 -2.599734733317055202e+02 -1.200132169481925217e+02 5.786799999999999920e+24 3.375419998291178558e+01 6.602010455258979797e+09
3.206717447957769632e+08 -3.254142819927050471e+08 -1.929553811278871894e+08 4.237319111129607307e+01 -1.525460616882676561e+02 -1.607786076508049007e+02 5.786799999999999920e+24 4.913215571445546459e+01 1.196308824293044853e+10
3.804631757266228199e+08 -3.262592106277524233e+08 -2.210899411015416086e+08 3.495167675802061069e+01 -2.125581300712882467e+02 -1.747276489261939503e+02 5.786799999999999920e+24 3.406864049119464255e+01 7.430134816350563049e+09
3.146584242734004259e+08 -3.000116357281780839e+08 -1.436956131528444588e+08 6.333779903396295907e+01 -7.988920372727311303e+01 -1.955846978464862502e+02 5.786799999999999920e+24 4.372234685368659513e+01 1.112524028713258743e+10
1.836913825181151927e+08 -3.334684438045509458e+08 -2.629791085063071549e+07 8.209217393689245057e+01 1.315087238077952918e+02 -1.144046950286708864e+02 5.786799999999999920e+24 3.393846948022044785e+01 6.624176500157890320e+09
3.577585793701902628e+08 -3.352555535599234700e+08 -1.583029902206490636e+08 4.790151006965474778e+01 -1.150331055675810035e+02 -1.561604689607650585e+02 5.786799999999999920e+24 4.895226163497092386e+01 1.145234720711188126e+10
2.086177619556478858e+08 -3.531669007019214034e+08 3.174980305981412157e+07 9.033116881033336654e+01 2.064995662606739870e+02 -9.248960141811632241e+01 5.786799999999999920e+24 3.251716043869528505e+01 6.940829464427846909e+09
2.289496627030958831e+08 -2.820276124762508273e+08 -1.818454926746088266e+08 5.944829155106199181e+01 -1.063392025650697263e+02 -1.996463702477811921e+02 5.786799999999999920e+24 3.405792477801949758e+01 7.350556156944676399e+09
3.173859902851240635e+08 -4.059113372875764966e+08 -8.564266928323425353e+06 6.270419392953148474e+01 1.128561854360553980e+02 -4.450774930389376749e+01 5.786799999999999920e+24 4.865417723693715146e+01 1.179567365471468735e+10
1.321264200910161585e+08 -3.585385937041002512e+08 -1.302293315938868225e+08 4.740070236368254086e+01 -4.636626300233797071e-01 -6.535424859250296947e+01 5.786799999999999920e+24 3.350437579532422205e+01 7.620508861969490051e+09
2.091297063326067924e+08 -3.670241070883778930e+08 -6.446814466281498224e+07 6.132086101107297793e+01 6.837071910308188194e+01 -7.263551946131074999e+01 5.786799999999999920e+24 4.828380938596360750e+01 1.233885183461610413e+10
1.188011871980290860e+08 -4.131486454262865186e+08 -9.919627331207647920e+07 3.731993314626828351e+01 4.841468955937364171e+01 1.630961969821274948e+01 5.786799999999999920e+24 3.316350524989224624e+01 8.653417439557544708e+09
3.941923869735273719e+08 -3.717281386976288557e+08 -1.815200790345751941e+08 3.001356995112933035e+01 -1.601899599981068434e+02 -1.131508697559808212e+02 5.786799999999999920e+24 4.216907387467832535e+01 1.143472197478389359e+10
3.427941481447265744e+08 -5.617249975330412388e+08 -7.261127020360799134e+07 -4.870976333448054696e+00 1.272379490053523199e+01 1.723111551757651227e+02 5.786799999999999920e+24 3.538642668816645909e+01 7.456431755626925468e+09
3.536859023956112266e+08 -5.304232959117842913e+08 -1.723717419317672849e+08 -2.007825382647134660e+01 -1.338715767877799578e+02 1.245838461774867199e+02 5.786799999999999920e+24 4.348422736894294616e+01 9.889571197950393677e+09
4.686353206482700109e+08 -4.134820462457516193e+08 -1.210864581521755606e+08 3.161364227909457369e+01 -9.823467261300727671e+01 -7.216556300001238355e+01 5.786799999999999920e+24 3.364170626200360203e+01 6.105848116497567177e+09
4.090362025580735207e+08 -4.090940360212199092e+08 -1.434054645511501133e+08 2.738505580073401191e+01 -1.106875958693688062e+02 -6.312974681764244167e+01 5.786799999999999920e+24 4.667491923853746982e+01 1.066470519188622093e+10
2.218403890867297649e+08 -5.583892384663087130e+08 -3.676133460375720263e+07 5.316162414237774136e+00 1.039411851946338743e+02 1.982742186242135460e+02 5.786799999999999920e+24 3.296195335150770944e+01 7.940038926942602158e+09
2.652329609363529086e+08 -3.819462828074893951e+08 2.421114656830620021e+07 7.897029411066911564e+01 1.770448132579079754e+02 -6.566920270370710000e+01 5.786799999999999920e+24 3.663992750272939247e+01 7.204133000389894485e+09
2.549484038474950790e+08 -2.587528932356522381e+08 -6.995826837134388089e+07 9.558160331984083768e+01 4.544490379967894000e+01 -2.396146282441061146e+02 5.786799999999999920e+24 3.292280664683759994e+01 8.087034266281848907e+09
2.937364669933109879e+08 -2.955495987171273828e+08 -3.286620811167034507e+07 9.291399188835235634e+01 8.582896534486219764e+01 -1.967253598260171543e+02 5.786799999999999920e+24 3.458421150363471241e+01 8.366938265959764481e+09
2.903197228530711532e+08 -4.342169057384675145e+08 4.299344037513828278e+07 6.650742251942665462e+01 1.957245734643688877e+02 2.905132115938256376e+00 5.786799999999999920e+24 3.402027400875682162e+01 6.513661768253988266e+09
2.120626763158735931e+08 -3.953126668866119981e+08 -1.693007981064163521e+07 6.414922475037054994e+01 1.356164232393882401e+02 -3.304793032430207944e+01 5.786799999999999920e+24 4.174776344403034045e+01 9.807582496975433350e+09
2.796987026541810036e+08 -5.572738600081590414e+08 -2.164295974626323879e+08 -3.998092549337076917e+01 -1.727094825398220053e+02 1.819770565554672430e+02 5.786799999999999920e+24 3.409723836826524490e+01 7.621299507056992531e+09
2.661732179657591879e+08 -4.996984312522684932e+08 -2.096516549469772875e+08 -1.948981792796379153e+01 -1.584109022764536405e+02 1.029924239375585842e+02 5.786799999999999920e+24 5.152954511539495286e+01 1.248962606030310440e+10
1.801154062712887228e+08 -4.752317684383636117e+08 -2.463752838292524517e+08 -2.059945746262771138e+01 -1.827653742762780951e+02 8.967213233545960804e+01 5.786799999999999920e+24 3.321575916174475651e+01 7.778705139490536690e+09
3.424524463730418682e+08 -5.521516896691744328e+08 -2.356608157936826348e+08 -4.320301858425358432e+01 -2.208496248382902536e+02 1.587204181036031514e+02 5.786799999999999920e+24 3.280948290352250041e+01 7.745306444270259857e+09
4.017699723556668758e+08 -4.604108086118112803e+08 -1.721760269133615494e+08 3.097590914095317949e+00 -1.494621668724488757e+02 1.216643543957477114e+01 5.786799999999999920e+24 4.525186214037807986e+01 1.047083471646135902e+10
2.694374423809767365e+08 -5.305948066088066697e+08 -2.057467690915466286e+06 2.329029585516577328e+01 1.380015288216098384e+02 1.463499030175444773e+02 5.786799999999999920e+24 3.399830149222095343e+01 7.550530450624995232e+09
3.710597074164202213e+08 -5.211513339718340635e+08 -1.125387127300863564e+08 -1.717553750427721626e+00 -5.389285124555833306e+01 1.070658007821133424e+02 5.786799999999999920e+24 4.404484801945652350e+01 1.114079667370030975e+10
3.012625912903536558e+08 -3.609371059688332677e+08 -2.084928243937234581e+07 7.433092579448812387e+01 1.006129620710252368e+02 -1.049121801389909621e+02 5.786799999999999920e+24 4.556087474558455597e+01 1.210773785668959045e+10
1.350993066714096367e+08 -4.651768525908796787e+08 -6.233729246876163781e+07 2.955179590449224847e+01 9.586840002854160048e+01 8.673092655179826238e+01 5.786799999999999920e+24 3.354578057075000430e+01 6.355944808958336830e+09
2.325577511734434366e+08 -2.857248759445435405e+08 -9.450922266201343387e+06 1.020754849689643606e+02 1.395710322843792994e+02 -1.952636687087403118e+02 5.786799999999999920e+24 3.256345389709385785e+01 6.743899382406015396e+09
2.455725301793209910e+08 -3.436805302695715427e+08 -1.796051483643376827e+07 8.086247132022459994e+01 1.230063114619031666e+02 -1.155565038955156041e+02 5.786799999999999920e+24 4.155622641044382704e+01 1.045194710312446785e+10
2.865712829078900814e+08 -5.761232729954268932e+08 -4.603724412960845977e+07 -2.887738535878936030e+00 6.931654316190201826e+01 2.072442100500880997e+02 5.786799999999999920e+24 3.298617482858414718e+01 9.067587920268415451e+09
1.700808468306130171e+08 -5.007186134368420839e+08 -1.028943300742239058e+08 7.437078475914986164e+00 2.613943813910943703e+01 1.287843503508603078e+02 5.786799999999999920e+24 3.877348887198239424e+01 8.837332194750505447e+09
3.498018105018078685e+08 -4.397251686334385872e+08 2.601800940700221434e+07 6.036937152724846811e+01 1.517847451674804518e+02 -4.350374753577177955e+00 5.786799999999999920e+24 3.451280814043549583e+01 6.722135278078089714e+09
1.731750120183450878e+08 -5.634024856937379837e+08 -8.859356144488354027e+07 -9.501687478324228664e+00 4.571183669626518054e+01 2.178426989174613482e+02 5.786799999999999920e+24 3.257371483154462766e+01 6.861123156389774323e+09
2.490194366184048653e+08 -4.722003634496384263e+08 1.740056125790780783e+07 4.749305773922242935e+01 1.726264299494396539e+02 6.782873742097646641e+01 5.786799999999999920e+24 3.552860696188944445e+01 9.210090254649911880e+09
3.258897132580839992e+08 -3.739530928906121254e+08 4.190816891566406935e+07 8.607061588532819485e+01 1.824270973500966306e+02 -9.253114131992980163e+01 5.786799999999999920e+24 3.288109338446614771e+01 7.381869168154746056e+09
2.853993164891049862e+08 -3.203950674791458845e+08 2.624896318944230676e+07 9.975201859828280249e+01 1.733300930979103498e+02 -1.589868976622665571e+02 5.786799999999999920e+24 3.259189511173762099e+01 6.994062701686062813e+09
2.657478353272848129e+08 -5.767566154122856855e+08 -1.545803868761003911e+08 -3.063918925340128041e+01 -7.950481910302873700e+01 2.134370351516437267e+02 5.786799999999999920e+24 3.428771419509580198e+01 9.257945478379089355e+09
1.669019450723538697e+08 -4.150488823092560172e+08 -5.324682692941922694e+07 4.838955844317956689e+01 9.838248883310474469e+01 6.745191671119197707e+00 5.786799999999999920e+24 3.997969807399365294e+01 8.754985802296035767e+09
4.063448484599552155e+08 -3.385463651494233012e+08 -3.293779036859587952e+07 7.871206894644051033e+01 4.863283276313634929e+01 -1.637486111577564998e+02 5.786799999999999920e+24 3.319761387940403807e+01 8.902642889737272263e+09
3.058938830875344872e+08 -4.028026088376796842e+08 -2.500913821111544073e+08 2.328849676019293824e+00 -2.296988257313653037e+02 -4.600422071296757309e+01 5.846499999999999848e+24 4.459692284532513895e+01 9.247009464766651154e+09
2.977559088873659372e+08 -5.248700485587121248e+08 -1.682816022832177877e+08 -1.697305211544401260e+01 -1.095544090566286002e+02 1.309375745171228402e+02 5.846499999999999848e+24 5.550107432716910694e+01 1.163408189383082199e+10
3.211652857005581260e+08 -5.041703567603218555e+08 -2.087771184316761494e+08 -2.044936698886823478e+01 -1.754381261870758806e+02 9.548763200949697705e+01 5.846499999999999848e+24 4.781756993603877959e+01 1.091002313552083778e+10
3.524641869126798511e+08 -4.042382623047391772e+08 -2.210727569271730483e+08 9.194356586904648410e+00 -2.033969397076650694e+02 -5.587823724942500547e+01 5.846499999999999848e+24 5.509300482532197663e+01 1.189404339262419891e+10
1.912161667919112742e+08 -3.215356943781715035e+08 -2.134115813947239518e+08 3.842282929337648767e+01 -1.391889792237732024e+02 -1.334248182995252705e+02 5.846499999999999848e+24 3.442438711841416676e+01 6.992389030018918991e+09
2.996360838908880949e+08 -3.602677536909710169e+08 -2.216273822934477329e+08 2.351229842828169936e+01 -1.866803313859741706e+02 -1.053779752386025592e+02 5.846499999999999848e+24 5.235117213084206611e+01 1.090898868759674072e+10
2.358344479558561146e+08 -3.371567230431945920e+08 -1.077874481626704782e+08 6.016853733704525098e+01 -2.492800257634406602e+00 -1.224590600974447625e+02 5.846499999999999848e+24 6.705028798433048109e+01 1.539692349134782791e+10
3.612481948149581552e+08 -4.241775979665052295e+08 -2.765214715963367820e+08 -1.143150568236962172e+01 -2.856815855669669872e+02 -2.950860225434731987e+01 5.846499999999999848e+24 3.474312941000735577e+01 5.365791855353813171e+09
3.888606206601997018e+08 -4.714102940965042710e+08 -1.235355147824142575e+08 1.189049084445053239e+01 -7.537491007954872657e+01 3.109403868435384055e+01 5.846499999999999848e+24 5.805158945239817569e+01 1.289114813830230904e+10
2.332666280547722280e+08 -4.646376935287837982e+08 -2.166977622765239179e+08 -9.519535985520459320e+00 -1.579098483135206834e+02 6.115891455241467156e+01 5.846499999999999848e+24 5.129658609709093753e+01 1.133941788228828239e+10
2.544791528601524830e+08 -3.800531303216452599e+08 -2.309987595599386692e+08 1.477652716863525129e+01 -1.851262463596157488e+02 -6.554304714585946101e+01 5.846499999999999848e+24 4.887550822975941855e+01 1.120326573486576462e+10
2.645670073254588842e+08 -4.304363107459220290e+08 -2.372303596406844854e+08 -3.274686579119933327e+00 -1.975524832566030682e+02 4.076566712555366401e+00 5.846499999999999848e+24 5.341839346235293817e+01 1.172018638677939224e+10
3.804022731854636669e+08 -3.960199931448954940e+08 -9.952285914185215533e+07 4.289642790386535154e+01 -3.824672420820233754e+01 -7.477042778875153317e+01 5.846499999999999848e+24 7.535028179795597225e+01 1.570404094424582672e+10
2.343152021766278744e+08 -3.165647558579366803e+08 -6.608586431721233577e+07 7.755023108493435302e+01 5.779205276623674337e+01 -1.514621954252856142e+02 5.846499999999999848e+24 4.410079608735669154e+01 9.273857256527915955e+09
3.177093109096079469e+08 -2.707966808031044602e+08 -8.706357075255231559e+07 8.727327033568982984e+01 2.557057395413602219e-01 -2.383172599876598667e+02 5.846499999999999848e+24 3.542546715148539960e+01 6.766109788961332321e+09
1.392550922205181122e+10 3.543825346858564758e+10 -2.698387105778315735e+10 1.099772171194732891e+03 2.807797293008326051e+03 -2.131528217970114383e+03 5.846499999999999848e+24 3.137272626938303688e+01 3.481159616554524899e+09
2.553646210979230106e+08 -3.119893142738308907e+08 -2.330124994648332000e+08 3.659318785712495981e+01 -1.884404952942544469e+02 -1.634182570955584595e+02 5.846499999999999848e+24 3.506448326112764846e+01 7.187721127501141548e+09
2.206220735577614307e+08 -3.337497055941532254e+08 -1.531980917108811140e+08 4.971801945434161496e+01 -6.255518911454181108e+01 -1.233108054770666797e+02 5.846499999999999848e+24 5.419617890024309048e+01 1.134662268809771347e+10
3.777428753408564925e+08 -4.207878995345208049e+08 -1.870600257724153101e+08 1.234401084853210584e+01 -1.629186898989814836e+02 -3.857644655303199244e+01 5.846499999999999848e+24 6.067664006462999282e+01 1.164629927395336151e+10
2.928672126839659214e+08 -4.662748247023919225e+08 -2.317657839456332028e+08 -1.395836453988335357e+01 -1.987423442915026044e+02 4.819932943355188826e+01 5.846499999999999848e+24 5.438515662323307964e+01 1.191829980789448357e+10
2.486532025189064145e+08 -5.169446135655856729e+08 -1.703839083088712096e+08 -1.506738375344035141e+01 -9.628238296836839538e+01 1.319816913682231245e+02 5.846499999999999848e+24 5.528717574681209612e+01 1.183174664155566025e+10
2.349346194299913645e+08 -3.545227328940499425e+08 -1.938077283588716090e+08 3.261803813037094102e+01 -1.255137614659144845e+02 -9.726962758547684018e+01 5.846499999999999848e+24 5.570854979593219980e+01 1.273202532254057884e+10
2.113733890880538559e+10 -1.490273655142607689e+09 5.597905123297791290e+10 1.838680812608452925e+03 -1.308172051155657130e+02 4.908306444470114002e+03 5.846499999999999848e+24 3.137272626938303688e+01 3.508768441333784580e+09
2.571659462414706349e+08 -5.245103647499324679e+08 -1.258638608078663945e+08 -6.196312023193694785e+00 -3.536664700925088312e+01 1.408941570942824058e+02 5.846499999999999848e+24 6.050501507498692177e+01 1.337232862124932289e+10
1.375023751021281779e+08 -3.581154293293724060e+08 -1.948828630563489497e+08 3.106884768339662273e+01 -9.491987363314800064e+01 -6.733072448333960835e+01 5.846499999999999848e+24 3.289940288131759871e+01 9.208634668131160736e+09
3.475460235183225870e+08 -3.731470551878113747e+08 -4.605429567170503736e+07 6.403234468246189692e+01 4.918475253910050782e+01 -9.918382448746463353e+01 5.846499999999999848e+24 5.485612965925062667e+01 1.100912181549641991e+10
3.330703609583956003e+08 -4.463929841581314802e+08 -2.301722744574607909e+08 -7.034417393826155163e+00 -2.097409768522232127e+02 9.481590715387362422e+00 5.846499999999999848e+24 5.442702109831868995e+01 1.254534513735471725e+10
2.321321727648946047e+08 -4.421730395992680192e+08 -3.711769326760655642e+07 4.346981324255116164e+01 1.000539342075092577e+02 2.910912025948506709e+01 5.846499999999999848e+24 5.973248817798224763e+01 1.288041233955530357e+10
-1.571058593736029625e+10 7.612186124761508179e+10 -5.945197363849231720e+10 -1.502917250974535136e+03 7.295497895768820854e+03 -5.695699661316781203e+03 5.846499999999999848e+24 3.137272626938303688e+01 3.477834554037699223e+09
2.816941886416600943e+08 -3.123516829552536607e+08 -9.710535980339984596e+07 7.104183858995250489e+01 -2.245095920723937155e+00 -1.695886985937874840e+02 5.846499999999999848e+24 5.136170536991417634e+01 1.074620116864020348e+10
1.780684454852268994e+08 -3.927248663109641075e+08 -1.051004826492058039e+08 4.244770541543073961e+01 2.031418493865640329e+01 -2.799610586102667753e+01 5.846499999999999848e+24 5.081498508153740801e+01 1.069167694275083351e+10
2.656420584529444873e+08 -3.150974102247104645e+08 -1.425261118874487579e+08 5.851261947469081548e+01 -6.209621047034095653e+01 -1.615175897380547383e+02 5.846499999999999848e+24 5.586454840354520002e+01 1.187030723515961456e+10
3.436674971001564264e+08 -3.686814685125992894e+08 -2.002437717827046812e+08 2.622750759934560350e+01 -1.704952656989356683e+02 -1.045091038557764449e+02 5.846499999999999848e+24 6.221448075310841830e+01 1.250898900760165787e+10
3.563629343228704929e+08 -4.690048941579753757e+08 -1.991342569388025105e+08 -6.546885817260702289e+00 -1.730784550790018841e+02 3.608279769623130306e+01 5.846499999999999848e+24 6.007409651125681194e+01 1.248107267098212814e+10
7.855490512722296715e+09 -1.556504753375158882e+10 1.554173310605691671e+09 -3.087791144378251147e+02 6.683941476426946338e+02 -1.083179862793640211e+02 5.846499999999999848e+24 3.137272626938303688e+01 3.503911713723947048e+09
1.777130915016460717e+08 -4.403535274170359969e+08 -1.093042055441740453e+08 2.574330363378680886e+01 1.457704021929989224e+01 4.041075081381479350e+01 5.846499999999999848e+24 5.188608273660602777e+01 1.152351668909397697e+10
2.759455502398442030e+08 -4.770988725060315728e+08 -3.579670227724509686e+07 3.234888039801705872e+01 8.749598910067913948e+01 6.805163896711520977e+01 5.846499999999999848e+24 6.266318024080392490e+01 1.401437162604098129e+10
2.164081546862600148e+08 -4.939196196236568093e+08 -1.342473957041623592e+08 1.799987098568850641e+00 -3.399128802839027941e+01 1.072145993952787535e+02 5.846499999999999848e+24 6.562967626871872540e+01 1.311153896467569733e+10
3.577195354457085133e+08 -4.809284832244892120e+08 -8.454848468737332523e+07 1.866533881170835230e+01 -9.339504441681427238e+00 5.274269545564030892e+01 5.846499999999999848e+24 7.625158081056532922e+01 1.622436390466064835e+10
3.219187233957634568e+08 -4.871633862940430045e+08 -1.353093206718746722e+08 3.756489190797888789e+00 -7.030812495278998142e+01 7.074268635351552348e+01 5.846499999999999848e+24 1.336757846181314164e+02 3.194744582410157394e+10
-3.705622114127526093e+10 3.694697608679086304e+10 3.956608915738198853e+10 -3.334267502308156054e+03 3.297904330016098356e+03 3.572399477043962179e+03 5.846499999999999848e+24 3.137272626938303688e+01 3.501400023321499348e+09
3.367994177758912444e+08 -3.283437643071545362e+08 -1.083667610245165527e+08 6.287441528037033578e+01 -3.649101557570044463e+01 -1.606965602934486981e+02 5.846499999999999848e+24 5.905799159316951830e+01 1.306533452540149689e+10
-1.915202448735478973e+10 2.225697770670827103e+10 -8.006915162529584885e+09 -9.788498436352640510e+02 1.148295839318408071e+03 -4.180359090409352234e+02 5.846499999999999848e+24 3.137272626938303688e+01 3.511693623002637386e+09
3.233321977530884743e+08 -3.321377909330741763e+08 -6.369620805757079273e+07 7.298169680821229122e+01 3.196421833020590952e+01 -1.517901422417022559e+02 5.846499999999999848e+24 5.189167560746642494e+01 1.209597032127348709e+10
1.883606060626369119e+08 -3.640829935047016740e+08 -1.554895434318396747e+08 3.916277297931424073e+01 -5.518925038374220549e+01 -7.171341846790880936e+01 5.846499999999999848e+24 5.052773301279668772e+01 1.005142495207416534e+10
2.042136959513491988e+08 -4.065520015351204276e+08 -1.558241483308671117e+08 2.514194790954039860e+01 -6.094469164819147267e+01 -1.487287906945016935e+01 5.846499999999999848e+24 8.363972236350852540e+01 1.825665077574341202e+10
2.281605036464568377e+08 -4.930458458137365580e+08 -3.737245946104054153e+07 2.669946424554574449e+01 1.009942449346465594e+02 1.030433414933844176e+02 5.846499999999999848e+24 4.551911403484893270e+01 1.015219571916268539e+10
2.212860183322556913e+08 -5.239764781871908903e+08 -8.759252962009024620e+07 3.805474777671394193e+00 3.123773169569280839e+01 1.491002245436040710e+02 5.846499999999999848e+24 4.641893648345610757e+01 1.076505113637862396e+10
1.884242998885099888e+08 -4.645481851178289652e+08 -1.480263515552506447e+08 7.994289461770487826e+00 -4.456903548589203723e+01 7.218298431468846843e+01 5.846499999999999848e+24 5.380092842951710708e+01 1.105419803283292961e+10
3.208418008227418065e+08 -5.397538131416596174e+08 -1.308680894881385565e+08 -1.245991069044937127e+01 -6.357193400084471335e+01 1.464088794764546719e+02 5.846499999999999848e+24 4.950867454104201215e+01 1.060440864171122360e+10
3.609005521399481297e+08 -4.890055831315969229e+08 -1.570876664628576934e+08 -2.468049809274319717e+00 -1.142465262332635376e+02 6.343957841916135010e+01 5.846499999999999848e+24 6.955756337996731986e+01 1.458751864276603889e+10
3.520879016523042917e+08 -4.234147844793641567e+08 -3.752919384008542448e+07 4.961817998075294156e+01 5.994718372651300342e+01 -2.829949339742093173e+01 5.846499999999999848e+24 5.975463806763879404e+01 1.295034750315611839e+10
2.263017899287005663e+08 -4.779247842263134718e+08 -9.207596059836666286e+07 1.784037970134069795e+01 2.319308586700113040e+01 8.180616104297541824e+01 5.846499999999999848e+24 8.911336532062519211e+01 2.003522476261441040e+10
-4.206823293726054382e+10 5.370677726266157627e+08 5.750118558535346985e+10 -3.848062632067319100e+03 4.188195008424590782e+01 5.259306006452309703e+03 5.846499999999999848e+24 3.137272626938303688e+01 3.484172202119692802e+09
3.246549506943045259e+08 -5.080860559392511249e+08 -8.787707606941735744e+07 8.946160221676903390e+00 -3.204463651071959962e+00 1.000499930768209964e+02 5.846499999999999848e+24 7.335196895922010185e+01 1.468772397362801361e+10
3.924541075438624024e+08 -4.012081627223314643e+08 -5.388466274740967155e+07 5.270284127282864262e+01 2.321989144053815934e+01 -7.036842834746497033e+01 5.846499999999999848e+24 4.585142224268034283e+01 1.006071444589441299e+10
2.735003485758388042e+08 -3.314542774471048713e+08 -1.831608964198668897e+08 4.285700017324981559e+01 -1.229943813986107983e+02 -1.401840448244221022e+02 5.846499999999999848e+24 5.774604470614181650e+01 1.268763769053019524e+10
2.127198758527890146e+08 -3.721398603132231236e+08 -1.150135747140054852e+08 4.683751147618864508e+01 -5.199129738063770212e+00 -6.639810942547221373e+01 5.846499999999999848e+24 8.470516172449771375e+01 1.836706030699198532e+10
2.747356303826445937e+08 -3.471434002316331863e+08 -6.359933883525557071e+07 6.806678365658353869e+01 4.805826513359481567e+01 -1.178946183279256843e+02 5.846499999999999848e+24 7.204027531762081082e+01 1.497690398751767921e+10
2.333185474833323658e+08 -4.138685336764792204e+08 -2.037320645226355493e+08 1.056410264265947596e+01 -1.391742085453185780e+02 -1.159140171366127525e+01 5.846499999999999848e+24 7.621022170352964054e+01 1.591639369511121178e+10
-1.338953091558192062e+10 -3.083838033364479828e+10 -2.386298188723383713e+10 -9.693153305714736234e+02 -2.225179673002476193e+03 -1.761011537622845708e+03 5.846499999999999848e+24 3.137272626938303688e+01 3.434132470957511425e+09
2.878847011403501630e+08 -5.421450968725928068e+08 -9.745243531734070182e+07 -4.805972943184055879e+00 -4.768575480464696703e+00 1.582218667696477041e+02 5.846499999999999848e+24 5.140543980728919848e+01 1.092842457405251884e+10
2.659285469808622301e+08 -5.167995549339393377e+08 -6.492290120976325870e+07 1.184116407742985544e+01 4.903880733703727657e+01 1.274341699938869255e+02 5.846499999999999848e+24 5.466773064120292958e+01 1.187455621814391136e+10
3.110598608481282592e+08 -4.895351018772197962e+08 1.611434978739178926e+07 4.144689252295171400e+01 1.503546662600292905e+02 7.690713885043567188e+01 5.846499999999999848e+24 3.609240830505838460e+01 5.960288313267300606e+09
4.241337098921173215e+08 -4.978423676354551315e+08 -3.118953883679692075e+07 2.669028094029432907e+01 4.529190734548849662e+01 6.006556129052380300e+01 5.846499999999999848e+24 3.426078904844756323e+01 5.171566250777977943e+09
3.015416383456259370e+08 -4.492572415024562478e+08 -2.199741423827520758e+07 4.503147901060039970e+01 9.881714363828409375e+01 2.161196697966673597e+01 5.846499999999999848e+24 6.242742240549144839e+01 1.251559245720875740e+10
3.449550813189554811e+08 -4.709516764178972840e+08 -3.024850505315086246e+07 3.577938640960559979e+01 7.271086005085517456e+01 4.164170528158477680e+01 5.846499999999999848e+24 4.919280035851221555e+01 1.120886223787091446e+10
2.644638295852656662e+08 -4.214005779458492994e+08 -1.364570655754682049e+07 5.630466967637894271e+01 1.230472867723557613e+02 -8.882772791448736882e+00 5.846499999999999848e+24 5.423823936411884716e+01 1.226250375989167786e+10
2.580483850705319941e+08 -3.867369103975953460e+08 -4.225968138261815906e+07 6.042108610986498007e+01 8.421040782678159076e+01 -5.686974915277350817e+01 5.846499999999999848e+24 7.349241098712195708e+01 1.600470746495420456e+10
3.124763796079084277e+08 -5.104177030963258147e+08 -4.495107078921601176e+07 1.906045328892250978e+01 6.234295360091569194e+01 1.065057995114887603e+02 5.846499999999999848e+24 4.881204773417426424e+01 1.084463838742618370e+10
3.876415528886730075e+08 -4.571916766680346131e+08 -6.291646089182919264e+07 3.195466675572279769e+01 1.181349866674201543e+01 1.115367092725477782e+01 5.846499999999999848e+24 4.901669537232583451e+01 1.123930990658272171e+10
3.720461009339836240e+08 -5.155287869171535969e+08 -4.964523290368440747e+07 1.614992499529843784e+01 3.599539090643347805e+01 9.864117188388512147e+01 5.846499999999999848e+24 4.061830609484051280e+01 7.480551491955679893e+09
3.733109032506219149e+08 -3.482817452373962998e+08 -8.084053068520659208e+07 6.337113382470676726e+01 -9.118002849510718377e+00 -1.413170966015346721e+02 5.846499999999999848e+24 4.897881305274299280e+01 1.106333312665712166e+10
1.964680936558251977e+08 -4.626468421633511782e+08 -6.816069203900273144e+07 2.884870758847308281e+01 6.736682345577155218e+01 6.754092343867429804e+01 5.846499999999999848e+24 5.371077333179600544e+01 1.181904415081348801e+10
2.543255598512521684e+08 -4.714125450499717593e+08 -1.250770592755213231e+08 1.151338511534926567e+01 -3.337232973189596663e+01 6.542921481152468743e+01 5.826399999999999975e+24 1.991152826716817117e+02 4.101075160804355621e+10
3.609542899641098976e+08 -4.270167530583860278e+08 -1.257021608578989357e+08 2.604825752482329193e+01 -6.941232143348975114e+01 -2.539479711730361089e+01 5.826399999999999975e+24 1.354083090890592587e+02 3.218841093232374191e+10
2.307134753270194530e+08 -4.338744728364080191e+08 -1.427864760759891868e+08 1.934069568671495887e+01 -5.092060117149032550e+01 1.753110024824001201e+01 5.826399999999999975e+24 1.755756381675415696e+02 3.673100954138737488e+10
2.957369927815792561e+08 -4.148876527898141742e+08 -1.973989055991949141e+08 1.174878093374837640e+01 -1.506928553923592062e+02 -2.634647452805017309e+01 5.826399999999999975e+24 1.316977246211307317e+02 3.171266197063121414e+10
3.424102050255522132e+08 -4.503108771993976235e+08 -1.467994731579491794e+08 1.300013806680895634e+01 -9.354198989649356122e+01 1.269049561169799922e+01 5.826399999999999975e+24 1.754946881786829067e+02 3.550855439068614960e+10
3.038512158524469137e+08 -3.632951868655027747e+08 -1.517530167301280200e+08 4.037761282490181003e+01 -8.790684285559689215e+01 -1.022288116869662247e+02 5.826399999999999975e+24 1.532379288717575037e+02 3.303146306438080978e+10
3.459541511890900731e+08 -3.924272891708027720e+08 -1.378136614498886466e+08 3.425254130356260163e+01 -8.178660113719612923e+01 -7.115242661268642621e+01 5.826399999999999975e+24 1.677295696322489391e+02 3.342283964303501129e+10
2.924032625492526293e+08 -4.856809781035764217e+08 -1.083461440809106231e+08 1.104748361826067793e+01 -2.190515606178939478e+01 7.614987421134692624e+01 5.826399999999999975e+24 1.641914646881150190e+02 3.600242666802333069e+10
3.285048694698091745e+08 -4.328405017802966237e+08 -1.731112225707764626e+08 1.209727992955797582e+01 -1.266652148337583554e+02 -8.821807934355067715e+00 5.826399999999999975e+24 1.816813947668402704e+02 3.595839365627073669e+10
2.589841027954641879e+08 -4.604544081804979444e+08 -1.226960177040140629e+08 1.573644722446313970e+01 -3.147712977628552267e+01 4.853257472194196254e+01 5.826399999999999975e+24 3.042593961379942016e+02 5.916781043676441956e+10
2.480291372697115541e+08 -4.004476749634951949e+08 -1.615261589896431267e+08 2.557452375721079108e+01 -8.353040678091772975e+01 -3.478463828063769370e+01 5.826399999999999975e+24 1.924126071035109646e+02 3.894340043148956299e+10
3.238327100428547859e+08 -4.788609119467334151e+08 -1.287425169931557178e+08 8.143030077134488565e+00 -6.150247008180269148e+01 5.837860862184329847e+01 5.826399999999999975e+24 1.609174655621936836e+02 3.403347391822909546e+10
3.040806762173652649e+08 -4.198500107740411758e+08 -1.933699844899883866e+08 1.114859371052796355e+01 -1.476505423282709160e+02 -2.135248498436753550e+01 5.826399999999999975e+24 1.425139213096072979e+02 3.253774028313446426e+10
3.508382437235091329e+08 -4.014094575910984278e+08 -1.525469106168105900e+08 2.756398930142890791e+01 -1.045198720331823665e+02 -5.954501318997073156e+01 5.826399999999999975e+24 1.449799105024320625e+02 3.077221997491460037e+10
2.616023586605024040e+08 -3.757879962674363852e+08 -9.095743732318851352e+07 5.171460035166572311e+01 1.312491567108717661e+01 -7.358783948386191298e+01 5.826399999999999975e+24 1.679063758669178696e+02 3.638810253121707153e+10
2.825075083319293261e+08 -3.838070759579439759e+08 -1.767331730032823682e+08 2.721593503599658348e+01 -1.166047768827022821e+02 -6.741205310854709865e+01 5.826399999999999975e+24 1.591204690163133080e+02 3.382119571177571106e+10
3.188790758924320936e+08 -3.930519875763933659e+08 -1.682722086113598049e+08 2.640159178994467482e+01 -1.164588764901903062e+02 -6.336230646673929101e+01 5.826399999999999975e+24 1.973445712628504509e+02 3.820709298351722717e+10
2.617698701352056265e+08 -3.751752618373357654e+08 -1.381415179920875728e+08 3.989152110609274615e+01 -5.452427162697568974e+01 -7.444246911335136474e+01 5.826399999999999975e+24 2.198382976806136639e+02 4.368025749759391022e+10
2.333263807906672060e+08 -4.365932247891085744e+08 -1.063824813510415256e+08 2.775234692176356077e+01 3.604976729366676236e-01 2.081712682821560989e+01 5.826399999999999975e+24 1.858847481644495758e+02 3.879859716813963318e+10
2.349032070061776340e+08 -4.020965355736023784e+08 -1.242206670219299942e+08 3.457208907412073984e+01 -2.571734983725187718e+01 -2.905713596503912299e+01 5.826399999999999975e+24 2.002016540972016401e+02 4.075656725871037292e+10
2.987355907560696602e+08 -4.688262546026952863e+08 -8.344096038427314162e+07 2.294272148005783052e+01 1.172724002747517247e+01 5.035236682716768541e+01 5.826399999999999975e+24 1.791536735539275753e+02 3.698290348931895447e+10
2.859639453400608301e+08 -4.898285678275964260e+08 -1.163405344639594406e+08 7.650676827812974423e+00 -3.125649508375697749e+01 8.375651666683295105e+01 5.826399999999999975e+24 1.532402323862630453e+02 3.499320694976794434e+10
3.200000247203643322e+08 -4.408835376817338467e+08 -6.847130524023211002e+07 3.595567156582650625e+01 2.617018670552971926e+01 4.869452951804406737e+00 5.826399999999999975e+24 1.570764597225733894e+02 3.477823482271704865e+10
2.625180443639090359e+08 -4.435826626553320885e+08 -7.894202523942862451e+07 3.242873523724902185e+01 3.008554150820327067e+01 2.336815388572061636e+01 5.826399999999999975e+24 2.157033577729640115e+02 4.233148208575726318e+10
3.142458886587862968e+08 -4.713130081641264558e+08 -1.694702062498259544e+08 3.534465330593691834e-01 -1.167669368125182956e+02 4.998530474088953923e+01 5.826399999999999975e+24 1.448377410771707332e+02 3.267018082895913696e+10
2.916841270802478790e+08 -4.242131474171339869e+08 -6.216735703819219023e+07 4.306341511728908245e+01 4.450403828214638224e+01 -1.186078349707350199e+01 5.826399999999999975e+24 1.760718521522365450e+02 3.728586471995435333e+10
3.348003429265838265e+08 -3.898278832652989030e+08 -1.008504192603939176e+08 4.450816979060407164e+01 -2.517139491917575711e+01 -7.202860832377335498e+01 5.826399999999999975e+24 1.906990526885364261e+02 3.759528112115521240e+10
3.226793929721505642e+08 -3.907714579680413604e+08 -1.725074981598548591e+08 2.609276531745767613e+01 -1.237612334386274853e+02 -6.763610084583355331e+01 5.826399999999999975e+24 1.615112121598475881e+02 3.461353070206027222e+10
3.185017407978923321e+08 -4.539610580651299357e+08 -7.640885678279221058e+07 2.963799533581946122e+01 1.529067845349073274e+01 2.402665300571790397e+01 5.826399999999999975e+24 1.698525436538308782e+02 3.611786543287315369e+10
2.659327423033967018e+08 -3.693005191931623220e+08 -1.449403650814889073e+08 4.009224278670352248e+01 -6.564016337052630945e+01 -8.393321931711714967e+01 5.826399999999999975e+24 1.852758262282263217e+02 3.868974836944312286e+10
2.835674963685054183e+08 -4.542711554066004157e+08 -1.823683470107392073e+08 2.541516348062332398e+00 -1.251016636289838431e+02 3.328418782477740478e+01 5.826399999999999975e+24 1.638748650604273394e+02 3.418180133656627655e+10
2.812544189952608943e+08 -3.855682947488692999e+08 -1.817043498264120519e+08 2.536397949329899149e+01 -1.233121691766528443e+02 -6.458887319952290795e+01 5.826399999999999975e+24 1.455523993627483605e+02 3.282006776088984299e+10
2.616645870722105205e+08 -4.244922133913080096e+08 -1.755524781499415338e+08 1.407020976698185244e+01 -1.081151719506762987e+02 -3.791272446222783810e+00 5.826399999999999975e+24 2.062389209131153223e+02 4.067793439378751373e+10
3.150323339443476200e+08 -4.619050297623748779e+08 -1.697523099505791664e+08 3.367984503412388086e+00 -1.174330679948177192e+02 3.630419870842302998e+01 5.826399999999999975e+24 1.704317100480770364e+02 3.512785436262490082e+10
2.424395642556186914e+08 -3.926163507581753731e+08 -1.646199792188438475e+08 2.738802259177760945e+01 -8.614288363035470297e+01 -4.459685438126344792e+01 5.826399999999999975e+24 1.497714550239348341e+02 3.435855578121232224e+10
2.603598317111580968e+08 -4.468210802729644775e+08 -8.007774307408225536e+07 3.106941131243554821e+01 2.916848647498445146e+01 2.855484367529345846e+01 5.826399999999999975e+24 2.056232700989878310e+02 4.078413293900200653e+10
2.612980818498637974e+08 -4.068750810023276806e+08 -8.653320125092963874e+07 4.260603686828068959e+01 1.958302853256941134e+01 -2.893099373757083015e+01 5.826399999999999975e+24 2.744986093488693086e+02 5.281786578281237793e+10
2.621147495200767517e+08 -4.259894289759625793e+08 -1.797208679600189626e+08 1.251731989579024429e+01 -1.142457236750328065e+02 -1.763068869778772196e+00 5.826399999999999975e+24 1.826579782785636041e+02 3.765963263375294495e+10
3.314413565147326589e+08 -4.582763278012483716e+08 -1.098300876154508442e+08 1.972125747976560461e+01 -3.689067877578675336e+01 2.695078972771513293e+01 5.826399999999999975e+24 2.232304734652445291e+02 4.328967825574723053e+10
3.014693606819978356e+08 -4.615469686984491944e+08 -8.131267753761237860e+07 2.588845597872976967e+01 1.386912142115965629e+01 3.923984245890413547e+01 5.826399999999999975e+24 1.984562735930638269e+02 3.934239717134140778e+10
3.262328276613085270e+08 -3.674809647431663871e+08 -1.158220261386613995e+08 4.807727874585076222e+01 -4.380529653361917752e+01 -1.019036356961541259e+02 5.826399999999999975e+24 1.544885462420523368e+02 3.319652286002900696e+10
3.357689192402125001e+08 -4.307009856356213093e+08 -1.743472389177569151e+08 1.249656343211423959e+01 -1.308336708054007147e+02 -1.375346643820812886e+01 5.826399999999999975e+24 1.532631721679275643e+02 3.379044926083252335e+10
3.477888900126380920e+08 -4.265309850490160584e+08 -8.928850480641479790e+07 3.535555628657198213e+01 -1.286112398892955966e+01 -2.271008010578846026e+01 5.826399999999999975e+24 1.483971154214029866e+02 3.251209318309471893e+10
3.372252149419777393e+08 -3.893698060711352229e+08 -9.773509324150456488e+07 4.544942979404007133e+01 -2.150663950297848004e+01 -7.330632952059403351e+01 5.826399999999999975e+24 1.710368346021100763e+02 3.514749439705827332e+10
2.989392121756598949e+08 -3.803551620438814163e+08 -8.671553337168247998e+07 5.126608289307868205e+01 6.903328092677697647e+00 -7.651246033957345105e+01 5.826399999999999975e+24 2.066936345612285493e+02 4.063297229878520203e+10
3.468857361890285611e+08 -4.265055173268609047e+08 -9.167101086026364565e+07 3.476198353966989885e+01 -1.597779205431466032e+01 -2.251207565198300031e+01 5.826399999999999975e+24 1.569078888686426012e+02 3.319149764559083557e+10
3.095111937785034776e+08 -3.585409447453492880e+08 -1.498856698548849225e+08 4.242386955193514808e+01 -8.709341610744006346e+01 -1.105041988721026769e+02 5.826399999999999975e+24 1.348139564898946787e+02 3.191549242127692795e+10
2.345731911689521074e+08 -4.332991895542995334e+08 -1.469741608689005077e+08 1.846555139116620481e+01 -5.819370504008823985e+01 1.572122764937125616e+01 5.826399999999999975e+24 1.882972594660375876e+02 3.843257934210338593e+10
2.492282949666170478e+08 -4.586630485407741666e+08 -1.629110946905754805e+08 6.020784732399856232e+00 -8.594567814073542422e+01 4.827180380787363845e+01 5.826399999999999975e+24 1.628387816984036363e+02 3.327360673870079422e+10
2.843343874472513199e+08 -4.533908577814955711e+08 -1.816028975889125466e+08 3.028654909273238438e+00 -1.242625314776743011e+02 3.182669646334360891e+01 5.826399999999999975e+24 1.696737833531709612e+02 3.474579464874965668e+10
2.654780052507330477e+08 -4.770829538431608081e+08 -8.771428401340655982e+07 1.912691209717862151e+01 1.652884624629122001e+01 7.061861008058389189e+01 5.826399999999999975e+24 1.453478963322627635e+02 3.173243695450411606e+10
2.828869469388667345e+08 -4.766456064700645208e+08 -1.487221293241252303e+08 3.778412343528116946e+00 -7.667501689626899974e+01 6.563582541850726670e+01 5.826399999999999975e+24 2.009733461900442251e+02 3.880735166961352539e+10
2.254926830055803955e+08 -4.362482457000631094e+08 -1.106238064796303660e+08 2.678596354773837263e+01 -3.129081310535660521e+00 2.231174057099447694e+01 5.826399999999999975e+24 1.561617157468734547e+02 3.526651423171966553e+10
2.443308844066697955e+08 -4.067967237523875833e+08 -9.615009747442616522e+07 4.019158758169352552e+01 1.139189972986379651e+01 -2.473429305269964829e+01 5.826399999999999975e+24 2.225649552154718833e+02 4.409500807599140930e+10
3.027933641860200167e+08 -4.014091511386128664e+08 -6.606512868445000052e+07 4.958349522545670851e+01 3.524600249371356142e+01 -4.734583584243331700e+01 5.826399999999999975e+24 1.703643909193745571e+02 3.564471242873318481e+10
2.570525445147415996e+08 -3.729850374055156112e+08 -1.357372995244984031e+08 4.122457558346729911e+01 -4.951952337965762041e+01 -7.638153310372386784e+01 5.826399999999999975e+24 1.938094428610164641e+02 3.988720430276343536e+10
3.570519782086939216e+08 -4.366293898858479857e+08 -1.412056247167527676e+08 1.893654514883214546e+01 -9.035529733921229933e+01 -1.064983294235727129e+01 5.826399999999999975e+24 1.399828093184210900e+02 3.246161792402080154e+10
3.037220084483559728e+08 -3.737123118961814046e+08 -8.490283418796192110e+07 5.390617611519628127e+01 7.912739907200051270e+00 -8.725952620986920749e+01 5.826399999999999975e+24 1.657015937959583027e+02 3.558927090760764313e+10
2.910493025746487975e+08 -3.582518879220238328e+08 -1.171965885615451187e+08 5.078233950053223822e+01 -3.417544182044512269e+01 -1.061663152363022249e+02 5.826399999999999975e+24 1.638044524580537029e+02 3.353713892778691483e+10
2.553527840133929551e+08 -4.069557967032958269e+08 -7.912717513067509234e+07 4.447324144598913165e+01 3.215075293385260835e+01 -2.732094311886007532e+01 5.826399999999999975e+24 1.990435323267528247e+02 4.023905620084258270e+10
2.454239839938306510e+08 -4.631234409719303846e+08 -1.653176966270854473e+08 3.949276978092596924e+00 -8.814296204268451618e+01 5.563060405973308775e+01 5.826399999999999975e+24 1.390987137827837046e+02 3.057415892292232513e+10
2.617599407837187052e+08 -3.752418214956923723e+08 -9.742169386919337511e+07 5.024333624193082670e+01 3.816464810739193414e+00 -7.440601135108894937e+01 5.826399999999999975e+24 1.821262706487627270e+02 3.802792266913224030e+10
2.829376884561058879e+08 -4.836216855737658143e+08 -1.532599721478738189e+08 3.204923219820561830e-01 -8.321247232324428467e+01 7.558811536987253987e+01 5.826399999999999975e+24 1.545330055101677260e+02 3.426840476042687225e+10
1.961540727209065557e+08 -4.409966276650707126e+08 -1.929386432021959126e+08 4.306577090588977086e+00 -1.115332662822184773e+02 3.666900231172702007e+01 5.826399999999999975e+24 4.934983142811121581e+01 1.077968951167194366e+10
2.896266425597119927e+08 -4.113234551428824067e+08 -6.203827878760039061e+07 4.735053693658735341e+01 4.535237573301959202e+01 -2.981498135601790267e+01 5.826399999999999975e+24 1.703214720005337597e+02 3.645169972591571045e+10
3.408400732015916109e+08 -4.570367035642685890e+08 -1.110745350519586056e+08 1.982224998681042294e+01 -4.178862830756943225e+01 2.278820250447942541e+01 5.826399999999999975e+24 1.774606676492135477e+02 3.660459304091926575e+10
2.920632123871589303e+08 -3.632176947661945820e+08 -1.164677681144393831e+08 4.933458036702509730e+01 -3.347709088716445081e+01 -9.930087691725387344e+01 5.826399999999999975e+24 1.903495203770357023e+02 3.684410432087533569e+10
3.424696664977996945e+08 -3.832581510331640840e+08 -1.374274421630761027e+08 3.736925353444438969e+01 -8.009550095936738501e+01 -8.343079878922877413e+01 5.826399999999999975e+24 1.580611313052116031e+02 3.267935474216738129e+10
3.226987965763708949e+08 -4.027826217000002861e+08 -7.245034858501374722e+07 4.749307987743960524e+01 1.952171810276037078e+01 -5.043068574640503243e+01 5.826399999999999975e+24 1.634513460054598113e+02 3.369061655800662613e+10
2.382504469561217129e+08 -4.018790392401326895e+08 -1.193348055551604927e+08 3.589504217450402734e+01 -1.981973754569952106e+01 -3.021731565735131753e+01 5.826399999999999975e+24 2.204828383683612572e+02 4.380063667817021179e+10
2.664603779568852484e+08 -4.426161978778535128e+08 -7.398188424817520380e+07 3.401224313386550335e+01 3.589982560113326571e+01 2.097312088061503488e+01 5.826399999999999975e+24 2.014908355849279928e+02 4.017821873994557953e+10
2.144604339403966665e+08 -4.154249069422035217e+08 -6.955763386823421717e+07 4.399146971706330334e+01 5.933573112208892297e+01 -4.699843596187796457e+00 5.826399999999999975e+24 7.871579733010449331e+01 1.664199813929845619e+10
2.535159678050903976e+08 -4.639966994881240726e+08 -1.233294911072880626e+08 1.440813842821641622e+01 -3.059001830094597096e+01 5.500589308432571301e+01 5.826399999999999975e+24 2.379892934883388307e+02 4.698278623982820892e+10
2.923476392021871209e+08 -4.230952901498185992e+08 -1.265395309369222820e+08 2.706679824670677093e+01 -4.796455636370064468e+01 -1.354139309267566205e+01 5.874299999999999523e+24 1.423003495039114341e+03 2.385738569157758789e+11
2.922809889761782289e+08 -4.231079955221293569e+08 -1.265075864281823635e+08 2.707083244477981054e+01 -4.789687242450059301e+01 -1.350629686017961362e+01 5.874299999999999523e+24 1.423065065446229255e+03 2.318515053175412598e+11
2.922844544462050200e+08 -4.231073649918519258e+08 -1.265093100145783573e+08 2.707059787580200094e+01 -4.790047648297608163e+01 -1.350807260888851680e+01 5.874299999999999523e+24 1.423062192648121254e+03 2.322850524092134399e+11
2.924583434344332218e+08 -4.230717148991956115e+08 -1.265871506985192001e+08 2.706248098088717313e+01 -4.806927783367915907e+01 -1.360321061355769423e+01 5.874299999999999523e+24 1.422872655989069926e+03 2.453770076647994690e+11
2.923241739660259485e+08 -4.230999002892693877e+08 -1.265285731764049977e+08 2.706807235037916826e+01 -4.794113561340328999e+01 -1.352882036168625923e+01 5.874299999999999523e+24 1.423026680816983117e+03 2.365414764074290771e+11
2.922311988321468830e+08 -4.231166699146187305e+08 -1.264820568035453558e+08 2.707444175093464978e+01 -4.784392013846741776e+01 -1.348132099827276775e+01 5.874299999999999523e+24 1.423102270021930281e+03 2.239714944663065491e+11
2.922085645716250539e+08 -4.231203681411225796e+08 -1.264699745956049562e+08 2.707633588066820707e+01 -4.781913546385760583e+01 -1.347037263255094608e+01 5.874299999999999523e+24 1.423116628618233790e+03 2.188966059678428040e+11
2.922400691995812058e+08 -4.231151781177344918e+08 -1.264867105173815042e+08 2.707375233708345874e+01 -4.785349415171921805e+01 -1.348571309642342086e+01 5.874299999999999523e+24 1.423096203847293737e+03 2.256530024517159119e+11
2.922272344862880111e+08 -4.231173289192687869e+08 -1.264799621072784960e+08 2.707476729056086384e+01 -4.783961254107638439e+01 -1.347937697589633288e+01 5.874299999999999523e+24 1.423104901493408079e+03 2.231696298450444031e+11
2.922176588417984247e+08 -4.231189010700522065e+08 -1.264748647896453589e+08 2.707555742701121915e+01 -4.782915861880720598e+01 -1.347473680866714041e+01 5.874299999999999523e+24 1.423111053811978309e+03 2.210881539500163269e+11
2.922427714181460738e+08 -4.231147189913864136e+08 -1.264881190634044856e+08 2.707354732733179503e+01 -4.785639166269105260e+01 -1.348705700054511247e+01 5.874299999999999523e+24 1.423094307102367793e+03 2.261367079774861755e+11
2.924193561848867536e+08 -4.230803423031806350e+08 -1.265711285667260736e+08 2.706376690466501600e+01 -4.803346491990934908e+01 -1.358095438510768638e+01 5.874299999999999523e+24 1.422922712104830453e+03 2.433703764471368713e+11
2.924352505051543713e+08 -4.230768648849772811e+08 -1.265777548797045648e+08 2.706320774079553715e+01 -4.804820725031382977e+01 -1.358996246890731641e+01 5.874299999999999523e+24 1.422902821298840308e+03 2.442272448112927246e+11
2.922522173756941557e+08 -4.231130970654292107e+08 -1.264930094906625599e+08 2.707284222117441885e+01 -4.786648436159431697e+01 -1.349175327427965954e+01 5.874299999999999523e+24 1.423087498491090173e+03 2.277335451046882324e+11
2.922172438546023369e+08 -4.231189685727511048e+08 -1.264746426870645136e+08 2.707559195559443666e+01 -4.782870272260948497e+01 -1.347453668817369277e+01 5.874299999999999523e+24 1.423111313900566529e+03 2.209929700863644104e+11
2.921886529158278704e+08 -4.231234921880258918e+08 -1.264591020188628733e+08 2.707805041239244304e+01 -4.779705066685858128e+01 -1.346098413878785038e+01 5.874299999999999523e+24 1.423127914869107144e+03 2.131841666598246460e+11
2.921487002535994649e+08 -4.231293969689435959e+08 -1.264366215847747177e+08 2.708238081795249741e+01 -4.775206869014034794e+01 -1.344235490334764194e+01 5.874299999999999523e+24 1.423146696932220266e+03 1.957176352155987854e+11
2.921967145713218451e+08 -4.231222418381773233e+08 -1.264635311690180749e+08 2.707734992010781028e+01 -4.780605849920220862e+01 -1.346472498369800164e+01 5.874299999999999523e+24 1.423123498176413250e+03 2.156673551609959717e+11
2.922559152631208897e+08 -4.231124549364591241e+08 -1.264949098774232417e+08 2.707257018883320754e+01 -4.787042023400628921e+01 -1.349360224216643012e+01 5.874299999999999523e+24 1.423084757787134095e+03 2.283217402000325012e+11
2.922329944052119851e+08 -4.231163698567897081e+08 -1.264830025346587598e+08 2.707429813249368067e+01 -4.784586670905655836e+01 -1.348220579175674061e+01 5.874299999999999523e+24 1.423101061940355066e+03 2.243240636222227783e+11
2.922544335819085240e+08 -4.231127127091987729e+08 -1.264941493793745935e+08 2.707267912459325743e+01 -4.786884385078894866e+01 -1.349286021970542038e+01 5.874299999999999523e+24 1.423085861014406191e+03 2.280884178672700500e+11
2.922186598861536980e+08 -4.231187380201364756e+08 -1.264754001425499171e+08 2.707547454813545329e+01 -4.783025735376640597e+01 -1.347521960397724961e+01 5.874299999999999523e+24 1.423110424179087886e+03 2.213159753705196838e+11
2.922362811279050708e+08 -4.231158180829610825e+08 -1.264847287818560004e+08 2.707404169057227605e+01 -4.784941884960560543e+01 -1.348383166226615515e+01 5.874299999999999523e+24 1.423098824465821508e+03 2.249530843849163513e+11
2.922619136649863124e+08 -4.231114047798640132e+08 -1.264979756021377444e+08 2.707213053123502533e+01 -4.787679609530586333e+01 -1.349662106172379161e+01 5.874299999999999523e+24 1.423080222324042779e+03 2.292355857170631714e+11
2.922608920559011102e+08 -4.231115843845936060e+08 -1.264974549501034468e+08 2.707220494886587048e+01 -4.787571117389102682e+01 -1.349610548313492409e+01 5.874299999999999523e+24 1.423081002603631305e+03 2.290833266414046936e+11
2.922392807973945737e+08 -4.231153116650686264e+08 -1.264862987552040815e+08 2.707381230111399972e+01 -4.785264746678003434e+01 -1.348532110016742358e+01 5.874299999999999523e+24 1.423096752957845865e+03 2.255094708566577148e+11
2.922164913629053831e+08 -4.231190908389223814e+08 -1.264742396958750933e+08 2.707565483577477039e+01 -4.782787547892706925e+01 -1.347417386651445170e+01 5.874299999999999523e+24 1.423111784128070212e+03 2.208192511241386108e+11
2.922176894184422493e+08 -4.231188960942897201e+08 -1.264748811504229754e+08 2.707555488702772095e+01 -4.782919220038839825e+01 -1.347475155432321259e+01 5.874299999999999523e+24 1.423111034626882883e+03 2.210951499056413879e+11
2.922276211757184863e+08 -4.231172648491035104e+08 -1.264801668315723985e+08 2.707473518270793988e+01 -4.784003307944006878e+01 -1.347956599996277127e+01 5.874299999999999523e+24 1.423104646985354520e+03 2.232493059100653687e+11
2.923124090914652944e+08 -4.231021565261937976e+08 -1.265229616862414032e+08 2.706878378112984862e+01 -4.792922565806837554e+01 -1.352260058126363518e+01 5.874299999999999523e+24 1.423037691992498821e+03 2.354018476149572449e+11
2.923127251421015859e+08 -4.231020964035804868e+08 -1.265231134656339139e+08 2.706876428309695726e+01 -4.792954711545407775e+01 -1.352276697935721650e+01 5.874299999999999523e+24 1.423037401579836342e+03 2.354336527586032410e+11
2.922793578830768466e+08 -4.231082911251884103e+08 -1.265067728040616810e+08 2.707094130476006555e+01 -4.789517241315554230e+01 -1.350546363036795050e+01 5.874299999999999523e+24 1.423066404944780516e+03 2.316433488713670349e+11
2.922738575642752647e+08 -4.231092823786423206e+08 -1.265040178614085764e+08 2.707130424260724055e+01 -4.788941630831519802e+01 -1.350266497122374787e+01 5.874299999999999523e+24 1.423070862184403040e+03 2.309211157461509094e+11
2.922434427548673749e+08 -4.231146045910933018e+08 -1.264884683406715244e+08 2.707349654164938002e+01 -4.785711069436731435e+01 -1.348739078508201139e+01 5.874299999999999523e+24 1.423093832352602021e+03 2.262549407825899353e+11
2.922688443607137799e+08 -4.231101782660607100e+08 -1.265014917691122741e+08 2.707164052823121025e+01 -4.788413587399613647e+01 -1.350012531274282424e+01 5.874299999999999523e+24 1.423074844163290891e+03 2.302341100001342163e+11
2.922639107716153860e+08 -4.231110527929794192e+08 -1.264989916527136862e+08 2.707198634117973057e+01 -4.787891501681802708e+01 -1.349763000696605175e+01 5.874299999999999523e+24 1.423078687714523539e+03 2.295293786846594849e+11
2.921939726359845996e+08 -4.231226693345398307e+08 -1.264620287928897589e+08 2.707759417927200118e+01 -4.780300257125802688e+01 -1.346344260300704931e+01 5.874299999999999523e+24 1.423125023798201028e+03 2.148511516125394287e+11
2.923844391241555810e+08 -4.230877765528940558e+08 -1.265560968079580218e+08 2.706513070610248661e+01 -4.800043152934480162e+01 -1.356147556617251126e+01 5.874299999999999523e+24 1.422963891350382937e+03 2.412543301550180054e+11
2.924307571627643704e+08 -4.230778536594141126e+08 -1.265758950213343203e+08 2.706336187651594116e+01 -4.804405868434199078e+01 -1.358740594707731653e+01 5.874299999999999523e+24 1.422908516701311328e+03 2.439908675041794739e+11
2.923426962997385859e+08 -4.230962732552992105e+08 -1.265372485284726769e+08 2.706705365645435890e+01 -4.795966367401722863e+01 -1.353872432336721765e+01 5.874299999999999523e+24 1.423008513868075397e+03 2.381696454392032471e+11
2.923859540562122464e+08 -4.230874600087288618e+08 -1.265567627011206597e+08 2.706506644332374023e+01 -4.800188481107583272e+01 -1.356231395269007578e+01 5.874299999999999523e+24 1.422962177066098775e+03 2.413537704320290833e+11
2.926112220228577852e+08 -4.230350283654341102e+08 -1.266428477949261069e+08 2.706033122337964514e+01 -4.819940204719323162e+01 -1.369459812750288918e+01 5.874299999999999523e+24 1.422636008947718892e+03 2.511135061913558655e+11
2.923317865110730529e+08 -4.230984205875530243e+08 -1.265321621484024227e+08 2.706764065623129056e+01 -4.794878412441502036e+01 -1.353287198089729060e+01 5.874299999999999523e+24 1.423019336969009828e+03 2.372335338792440491e+11
2.924201169434424043e+08 -4.230801771533809900e+08 -1.265714487511536777e+08 2.706373932497492873e+01 -4.803417476928151331e+01 -1.358138328105982851e+01 5.874299999999999523e+24 1.422921776320902836e+03 2.434127457110884705e+11
